local HWID = {
    "14B512C9-E5D9-4A56-B908-AAB5AF5DD985",
    "7F8E0907-3BF3-4F70-B941-85C46C212FCD",
    "958025F2-3B13-4B8B-9FEE-8ED45046021C",
    "e4160c5c-d889-422b-b34a-ae0a60963b29",
    "050e511b-8972-48a2-b73b-04f781a1694a"
 }
 
 local Old = game:GetService("RbxAnalyticsService"):GetClientId()
 
 if game:GetService("RbxAnalyticsService"):GetClientId() ~= Old then
     while true do end
 end
 if HWID[table.find(HWID, Old)] == Old then

    spawn(function()
        while wait() do
            pcall(function()
                for i,v in pairs(game:GetService("CoreGui"):GetDescendants()) do
                        if v.Name == "ScriptEditor" then
                        game.Players.LocalPlayer:Kick("\nDark Dex ;-;\nเปิด Dark Dex ทามมมมายยย")
                    end
                end
            end)
        end
    end)
 local DiscordLib = loadstring(game:HttpGet"https://raw.githubusercontent.com/dawid-scripts/UI-Libs/main/discord%20lib.txt")()
 
 local win = DiscordLib:Window("Putaya Hub BF | Mobile V.0.1")
 
 local serv = win:Server("Script BF Mobile", "http://www.roblox.com/asset/?id=8848493414")
 
 function topos(Para1)
     Distance = (Para1.Position - game.Players.LocalPlayer.Character.HumanoidRootPart.Position).Magnitude
     if Distance <= 290 then
         Speed = 99999
     elseif Distance >= 400 then
         Speed = 270
     end
     game:GetService("TweenService"):Create(
         game.Players.LocalPlayer.Character.HumanoidRootPart,
         TweenInfo.new(Distance/Speed, Enum.EasingStyle.Linear),
         {CFrame = Para1}
     ):Play()
 end
 local AF = serv:Channel("Auto Farm")
 function Buso()
     if not game.Players.LocalPlayer.Character:FindFirstChild("HasBuso") then
         game:GetService("ReplicatedStorage").Remotes.CommF_:InvokeServer("Buso")
     end
 end
 spawn(function()
     pcall(function()
         while wait() do
             if _G.Auto_Farm or _G.Tp or _G.AutoDragonTalon or _G.AutoElectricClaw or TPLAB or TPAWAKE or _G.AutoNextIsland or _G.AutoSharkman or _G.AutoBoss or _G.KillMob then 
                 if not game.Players.LocalPlayer.Character.HumanoidRootPart:FindFirstChild("BodyClip") then
                     local Noclip = Instance.new("BodyVelocity")
                     Noclip.Name = "BodyClip"
                     Noclip.Parent = game.Players.LocalPlayer.Character.HumanoidRootPart
                     Noclip.MaxForce = Vector3.new(100000,100000,100000)
                     Noclip.Velocity = Vector3.new(0,0,0)
                 end
             end 
         end
     end)
 end) 
 local OldWorld = false
 local Sea2 = false
 local ThreeWorld = false
 local placeId = game.PlaceId
 if placeId == 2753915549 then
    OldWorld = true
 elseif placeId == 4442272183 then
    Sea2 = true
 elseif placeId == 7449423635 then
    ThreeWorld = true
 else
     game.Players.LocalPlayer:Kick("\nBLOX FRUITS Oly !!!")
 end
 function LV()
     local lv = game.Players.LocalPlayer.Data.Level.Value
     if OldWorld then
         if lv == 1 or lv <= 9 then
             Mon = "Bandit [Lv. 5]"
             NameQ = "BanditQuest1"
             NumberQ = 1
             NameMon = "Bandit"
             POSQ = CFrame.new(1061.11, 16.3627, 1549.23)
         elseif lv == 10 or lv <= 14 then
             Mon = "Monkey [Lv. 14]"
             NameQ = "JungleQuest"
             NumberQ = 1
             NameMon = "Monkey"
             POSQ = CFrame.new(-1604.12012, 36.8521118, 154.23732, 0.0648873374, -4.70858913e-06, -0.997892559, 1.41431883e-07, 1, -4.70933674e-06, 0.997892559, 1.64442184e-07, 0.0648873374)
         elseif lv == 15 or lv <= 29 then
             Mon = "Gorilla [Lv. 20]"
             NameQ ="JungleQuest"
             NumberQ = 2
             NameMon = "Gorilla"
             POSQ = CFrame.new(-1604.12012, 36.8521118, 154.23732, 0.0648873374, -4.70858913e-06, -0.997892559, 1.41431883e-07, 1, -4.70933674e-06, 0.997892559, 1.64442184e-07, 0.0648873374)
         elseif lv == 30 or lv <= 39 then
             Mon = "Pirate [Lv. 35]"
             NameQ ="BuggyQuest1"
             NumberQ = 1
             NameMon = "Pirate"
             POSQ = CFrame.new(-1139.59717, 4.75205183, 3825.16211, -0.959730506, -7.5857054e-09, 0.280922383, -4.06310328e-08, 1, -1.11807175e-07, -0.280922383, -1.18718916e-07, -0.959730506)
         elseif lv == 40 or lv <= 59 then
             Mon = "Brute [Lv. 45]"
             NameQ ="BuggyQuest1"
             NumberQ = 2
             NameMon = "Brute"
             POSQ = CFrame.new(-1139.59717, 4.75205183, 3825.16211, -0.959730506, -7.5857054e-09, 0.280922383, -4.06310328e-08, 1, -1.11807175e-07, -0.280922383, -1.18718916e-07, -0.959730506)
         elseif lv == 60 or lv <= 74 then
             Mon = "Desert Bandit [Lv. 60]"
             NameQ ="DesertQuest"
             NumberQ = 1 
             NameMon = "Desert Bandit"
             POSQ = CFrame.new(897.031128, 6.43846416, 4388.97168, -0.804044724, 3.68233266e-08, 0.594568789, 6.97835176e-08, 1, 3.24365246e-08, -0.594568789, 6.75715199e-08, -0.804044724)
         elseif lv == 75 or lv <= 89 then
             Mon = "Desert Officer [Lv. 70]"
             NameQ ="DesertQuest"
             NumberQ = 2 
             NameMon = "Desert Officer"
             POSQ = CFrame.new(897.031128, 6.43846416, 4388.97168, -0.804044724, 3.68233266e-08, 0.594568789, 6.97835176e-08, 1, 3.24365246e-08, -0.594568789, 6.75715199e-08, -0.804044724)
         elseif lv == 90 or lv <= 99 then
             Mon = "Snow Bandit [Lv. 90]"
             NameQ ="SnowQuest"
             NumberQ = 1 
             NameMon = "Snow Bandit"
             POSQ = CFrame.new(1384.14001, 87.272789, -1297.06482, 0.348555952, -2.53947841e-09, -0.937287986, 1.49860568e-08, 1, 2.86358204e-09, 0.937287986, -1.50443711e-08, 0.348555952)
         elseif lv == 100 or lv <= 119 then
             Mon = "Snowman [Lv. 100]"
             NameQ ="SnowQuest"
             NumberQ = 2 
             NameMon = "Snowman"
             POSQ = CFrame.new(1384.14001, 87.272789, -1297.06482, 0.348555952, -2.53947841e-09, -0.937287986, 1.49860568e-08, 1, 2.86358204e-09, 0.937287986, -1.50443711e-08, 0.348555952)
         elseif lv == 120 or lv <= 149 then
             Mon = "Chief Petty Officer [Lv. 120]"
             NameQ ="MarineQuest2"
             NumberQ = 1 
             NameMon = "Chief Petty Officer"
             POSQ = CFrame.new(-5035.0835, 28.6520386, 4325.29443, 0.0243340395, -7.08064647e-08, 0.999703884, -6.36926814e-08, 1, 7.23777944e-08, -0.999703884, -6.54350671e-08, 0.0243340395)
         elseif lv == 150 or lv <= 174 then
             Mon = "Sky Bandit [Lv. 150]"
             NameQ ="SkyQuest"
             NumberQ = 1 
             NameMon = "Sky Bandit"
             POSQ = CFrame.new(-4841.83447, 717.669617, -2623.96436, -0.875942111, 5.59710216e-08, -0.482416272, 3.04023082e-08, 1, 6.08195947e-08, 0.482416272, 3.86078725e-08, -0.875942111)
         elseif lv == 175 or lv <= 224 then
             Mon = "Dark Master [Lv. 175]"
             NameQ ="SkyQuest"
             NumberQ = 2
             NameMon = "Dark Master"
             POSQ = CFrame.new(-4841.83447, 717.669617, -2623.96436, -0.875942111, 5.59710216e-08, -0.482416272, 3.04023082e-08, 1, 6.08195947e-08, 0.482416272, 3.86078725e-08, -0.875942111)
         elseif lv == 225 or lv <= 274 then
             Mon = "Toga Warrior [Lv. 225]"
             NameQ ="ColosseumQuest"
             NumberQ = 1 
             NameMon = "Toga Warrior"
             POSQ = CFrame.new(-1576.11743, 7.38933945, -2983.30762, 0.576966345, 1.22114863e-09, 0.816767931, -3.58496594e-10, 1, -1.24185606e-09, -0.816767931, 4.2370063e-10, 0.576966345)
         elseif lv == 275 or lv <= 299 then
             Mon = "Gladiator [Lv. 275]"
             NameQ ="ColosseumQuest"
             NumberQ = 2 
             NameMon = "Gladiator"
             POSQ = CFrame.new(-1576.11743, 7.38933945, -2983.30762, 0.576966345, 1.22114863e-09, 0.816767931, -3.58496594e-10, 1, -1.24185606e-09, -0.816767931, 4.2370063e-10, 0.576966345)
         elseif lv == 300 or lv <= 329 then
             Mon = "Military Soldier [Lv. 300]"
             NameQ ="MagmaQuest"
             NumberQ = 1 
             NameMon = "Military Soldier"
             POSQ = CFrame.new(-5316.55859, 12.2370615, 8517.2998, 0.588437557, -1.37880001e-08, -0.808542669, -2.10116209e-08, 1, -3.23446478e-08, 0.808542669, 3.60215964e-08, 0.588437557)
         elseif lv == 330 or lv <= 374 then
             Mon = "Military Spy [Lv. 330]"
             NameQ ="MagmaQuest"
             NumberQ = 2 
             NameMon = "Military Spy"
             POSQ = CFrame.new(-5316.55859, 12.2370615, 8517.2998, 0.588437557, -1.37880001e-08, -0.808542669, -2.10116209e-08, 1, -3.23446478e-08, 0.808542669, 3.60215964e-08, 0.588437557)
         elseif lv == 375 or lv <= 399 then
             Mon = "Fishman Warrior [Lv. 375]"
             NameQ ="FishmanQuest"
             NumberQ = 1 
             NameMon = "Fishman Warrior"
             POSQ = CFrame.new(61122.5625, 18.4716396, 1568.16504, 0.893533468, 3.95251609e-09, 0.448996574, -2.34327455e-08, 1, 3.78297464e-08, -0.448996574, -4.43233645e-08, 0.893533468)
             if _G.Auto_Farm and (POSQ.Position - game.Players.LocalPlayer.Character.HumanoidRootPart.Position).Magnitude > 3000 then
                 game:GetService("ReplicatedStorage").Remotes.CommF_:InvokeServer("requestEntrance",Vector3.new(61163.8515625, 11.6796875, 1819.7841796875))
             end
         elseif lv == 400 or lv <= 449 then
             Mon = "Fishman Commando [Lv. 400]"
             NameQ ="FishmanQuest"
             NumberQ = 2
             NameMon = "Fishman Commando"
             POSQ = CFrame.new(61122.5625, 18.4716396, 1568.16504, 0.893533468, 3.95251609e-09, 0.448996574, -2.34327455e-08, 1, 3.78297464e-08, -0.448996574, -4.43233645e-08, 0.893533468)
             if _G.Auto_Farm and (POSQ.Position - game.Players.LocalPlayer.Character.HumanoidRootPart.Position).Magnitude > 3000 then
                 game:GetService("ReplicatedStorage").Remotes.CommF_:InvokeServer("requestEntrance",Vector3.new(61163.8515625, 11.6796875, 1819.7841796875))
             end
         elseif lv == 450 or lv <= 474 then
             Mon = "God's Guard [Lv. 450]"
             NameQ ="SkyExp1Quest"
             NumberQ = 1
             NameMon = "God's Guard"
             POSQ = CFrame.new(-4721.71436, 845.277161, -1954.20105, -0.999277651, -5.56969759e-09, 0.0380011722, -4.14751478e-09, 1, 3.75035256e-08, -0.0380011722, 3.73188307e-08, -0.999277651)
             if _G.Auto_Farm and (POSQ.Position - game.Players.LocalPlayer.Character.HumanoidRootPart.Position).Magnitude > 3000 then
                 game:GetService("ReplicatedStorage").Remotes.CommF_:InvokeServer("requestEntrance",Vector3.new(-4607.82275, 872.54248, -1667.55688))
             end
         elseif lv == 475 or lv <= 524 then
             Mon = "Shanda [Lv. 475]"
             NameQ ="SkyExp1Quest"
             NumberQ = 2
             NameMon = "Shanda"
             POSQ = CFrame.new(-7863.63672, 5545.49316, -379.826324, 0.362120807, -1.98046344e-08, -0.93213129, 4.05822291e-08, 1, -5.48095125e-09, 0.93213129, -3.58431969e-08, 0.362120807)
             if  _G.Auto_Farm and (POSQ.Position - game.Players.LocalPlayer.Character.HumanoidRootPart.Position).Magnitude > 3000 then
                 game:GetService("ReplicatedStorage").Remotes.CommF_:InvokeServer("requestEntrance",Vector3.new(-7894.6176757813, 5547.1416015625, -380.29119873047))
             end
         elseif lv == 525 or lv <= 549 then
             Mon = "Royal Squad [Lv. 525]"
             NameQ ="SkyExp2Quest"
             NumberQ = 1
             NameMon = "Royal Squad"
             POSQ = CFrame.new(-7902.66895, 5635.96387, -1411.71802, 0.0504222959, 2.5710392e-08, 0.998727977, 1.12541557e-07, 1, -3.14249675e-08, -0.998727977, 1.13982921e-07, 0.0504222959)
             if  _G.Auto_Farm and (POSQ.Position - game.Players.LocalPlayer.Character.HumanoidRootPart.Position).Magnitude > 3000 then
                 game:GetService("ReplicatedStorage").Remotes.CommF_:InvokeServer("requestEntrance",Vector3.new(-7894.6176757813, 5547.1416015625, -380.29119873047))
             end
         elseif lv == 550 or lv <= 624 then
             Mon = "Royal Soldier [Lv. 550]"
             NameQ ="SkyExp2Quest"
             NumberQ = 2
             NameMon = "Royal Soldier"
             POSQ = CFrame.new(-7902.66895, 5635.96387, -1411.71802, 0.0504222959, 2.5710392e-08, 0.998727977, 1.12541557e-07, 1, -3.14249675e-08, -0.998727977, 1.13982921e-07, 0.0504222959)
             if  _G.Auto_Farm and (POSQ.Position - game.Players.LocalPlayer.Character.HumanoidRootPart.Position).Magnitude > 3000 then
                 game:GetService("ReplicatedStorage").Remotes.CommF_:InvokeServer("requestEntrance",Vector3.new(-7894.6176757813, 5547.1416015625, -380.29119873047))
             end
         elseif lv == 625 or lv <= 649 then
             Mon = "Galley Pirate [Lv. 625]"
             NameQ ="FountainQuest"
             NumberQ = 1
             NameMon = "Galley Pirate"
             POSQ = CFrame.new(5254.60156, 38.5011406, 4049.69678, -0.0504891425, -3.62066501e-08, -0.998724639, -9.87921389e-09, 1, -3.57534553e-08, 0.998724639, 8.06145284e-09, -0.0504891425)
         elseif lv >= 650 then
             Mon = "Galley Captain [Lv. 650]"
             NameQ ="FountainQuest"
             NumberQ = 2
             NameMon = "Galley Captain"
             POSQ = CFrame.new(5254.60156, 38.5011406, 4049.69678, -0.0504891425, -3.62066501e-08, -0.998724639, -9.87921389e-09, 1, -3.57534553e-08, 0.998724639, 8.06145284e-09, -0.0504891425)
         end
     end
     if Sea2 then
         if lv == 700 or lv <= 724 then
             Mon = "Raider [Lv. 700]"
             NameQ ="Area1Quest"
             NumberQ = 1
             NameMon = "Raider"
             POSQ = CFrame.new(-424.080078, 73.0055847, 1836.91589, 0.253544956, -1.42165932e-08, 0.967323601, -6.00147771e-08, 1, 3.04272909e-08, -0.967323601, -6.5768397e-08, 0.253544956)
         elseif lv == 725 or lv <= 774 then
             Mon = "Mercenary [Lv. 725]"
             NameQ ="Area1Quest"
             NumberQ = 2
             NameMon = "Mercenary"
             POSQ = CFrame.new(-424.080078, 73.0055847, 1836.91589, 0.253544956, -1.42165932e-08, 0.967323601, -6.00147771e-08, 1, 3.04272909e-08, -0.967323601, -6.5768397e-08, 0.253544956)
         elseif lv == 775 or lv <= 799 then
             Mon = "Swan Pirate [Lv. 775]"
             NameQ ="Area2Quest"
             NumberQ = 1
             NameMon = "Swan Pirate"
             POSQ = CFrame.new(632.698608, 73.1055908, 918.666321, -0.0319722369, 8.96074881e-10, -0.999488771, 1.36326533e-10, 1, 8.92172336e-10, 0.999488771, -1.07732087e-10, -0.0319722369)
         elseif lv == 800 or lv <= 874 then
             Mon = "Factory Staff [Lv. 800]"
             NameQ ="Area2Quest"
             NumberQ = 2
             NameMon = "Factory Staff"
             POSQ = CFrame.new(632.698608, 73.1055908, 918.666321, -0.0319722369, 8.96074881e-10, -0.999488771, 1.36326533e-10, 1, 8.92172336e-10, 0.999488771, -1.07732087e-10, -0.0319722369)
         elseif lv == 875 or lv <= 899 then
             Mon = "Marine Lieutenant [Lv. 875]"
             NameQ ="MarineQuest3"
             NumberQ = 1
             NameMon = "Marine Lieutenant"
             POSQ = CFrame.new(-2442.65015, 73.0511475, -3219.11523, -0.873540044, 4.2329841e-08, -0.486752301, 5.64383384e-08, 1, -1.43220786e-08, 0.486752301, -3.99823996e-08, -0.873540044)
         elseif lv == 900 or lv <= 949 then
             Mon = "Marine Captain [Lv. 900]"
             NameQ ="MarineQuest3"
             NumberQ = 2
             NameMon = "Marine Captain"
             POSQ = CFrame.new(-2442.65015, 73.0511475, -3219.11523, -0.873540044, 4.2329841e-08, -0.486752301, 5.64383384e-08, 1, -1.43220786e-08, 0.486752301, -3.99823996e-08, -0.873540044)
         elseif lv == 950 or lv <= 974 then
             Mon = "Zombie [Lv. 950]"
             NameQ ="ZombieQuest"
             NumberQ = 1
             NameMon = "Zombie"
             POSQ = CFrame.new(-5492.79395, 48.5151672, -793.710571, 0.321800292, -6.24695815e-08, 0.946807742, 4.05616092e-08, 1, 5.21931227e-08, -0.946807742, 2.16082796e-08, 0.321800292)
         elseif lv == 975 or lv <= 999 then
             Mon = "Vampire [Lv. 975]"
             NameQ ="ZombieQuest"
             NumberQ = 2 
             NameMon = "Vampire"
             POSQ = CFrame.new(-5492.79395, 48.5151672, -793.710571, 0.321800292, -6.24695815e-08, 0.946807742, 4.05616092e-08, 1, 5.21931227e-08, -0.946807742, 2.16082796e-08, 0.321800292)
         elseif lv == 1000 or lv <= 1049 then
             Mon = "Snow Trooper [Lv. 1000]"
             NameQ ="SnowMountainQuest"
             NumberQ = 1 
             NameMon = "Snow Trooper"
             POSQ = CFrame.new(604.964966, 401.457062, -5371.69287, 0.353063971, 1.89520435e-08, -0.935599446, -5.81846002e-08, 1, -1.70033754e-09, 0.935599446, 5.50377841e-08, 0.353063971)
         elseif lv == 1050 or lv <= 1099 then
             Mon = "Winter Warrior [Lv. 1050]"
             NameQ ="SnowMountainQuest"
             NumberQ = 2
             NameMon = "Winter Warrior"
             POSQ = CFrame.new(604.964966, 401.457062, -5371.69287, 0.353063971, 1.89520435e-08, -0.935599446, -5.81846002e-08, 1, -1.70033754e-09, 0.935599446, 5.50377841e-08, 0.353063971)
         elseif lv == 1100 or lv <= 1124 then
             Mon = "Lab Subordinate [Lv. 1100]"
             NameQ ="IceSideQuest"
             NumberQ = 1
             NameMon = "Lab Subordinate"
             POSQ = CFrame.new(-6060.10693, 15.9868021, -4904.7876, -0.411000341, -5.06538868e-07, 0.91163528, 1.26306062e-07, 1, 6.12581289e-07, -0.91163528, 3.66916197e-07, -0.411000341)
         elseif lv == 1125 or lv <= 1174 then
             Mon = "Horned Warrior [Lv. 1125]"
             NameQ ="IceSideQuest"
             NumberQ = 2
             NameMon = "Horned Warrior"
             POSQ = CFrame.new(-6060.10693, 15.9868021, -4904.7876, -0.411000341, -5.06538868e-07, 0.91163528, 1.26306062e-07, 1, 6.12581289e-07, -0.91163528, 3.66916197e-07, -0.411000341)
         elseif lv == 1175 or lv <= 1199 then
             Mon = "Magma Ninja [Lv. 1175]"
             NameQ ="FireSideQuest"
             NumberQ = 1
             NameMon = "Magma Ninja"
             POSQ = CFrame.new(-5431.09473, 15.9868021, -5296.53223, 0.831796765, 1.15322464e-07, -0.555080295, -1.10814341e-07, 1, 4.17010995e-08, 0.555080295, 2.68240168e-08, 0.831796765)
         elseif lv == 1200 or lv <= 1249 then
             Mon = "Lava Pirate [Lv. 1200]"
             NameQ ="FireSideQuest"
             NumberQ = 2
             NameMon = "Lava Pirate"
             POSQ = CFrame.new(-5431.09473, 15.9868021, -5296.53223, 0.831796765, 1.15322464e-07, -0.555080295, -1.10814341e-07, 1, 4.17010995e-08, 0.555080295, 2.68240168e-08, 0.831796765)
         elseif lv == 1250 or lv <= 1274 then
             Mon = "Ship Deckhand [Lv. 1250]"
             NameQ ="ShipQuest1"
             NumberQ = 1
             NameMon = "Ship Deckhand"
             POSQ = CFrame.new(1037.80127, 125.092171, 32911.6016, -0.244533166, -0, -0.969640911, -0, 1.00000012, -0, 0.96964103, 0, -0.244533136)
             if _G.Auto_Farm and (POSQ.Position - game.Players.LocalPlayer.Character.HumanoidRootPart.Position).Magnitude > 20000 then
                 game:GetService("ReplicatedStorage").Remotes.CommF_:InvokeServer("requestEntrance",Vector3.new(923.21252441406, 126.9760055542, 32852.83203125))
             end
         elseif lv == 1275 or lv <= 1299 then
             Mon = "Ship Engineer [Lv. 1275]"
             NameQ ="ShipQuest1"
             NumberQ = 2
             NameMon = "Ship Engineer"
             POSQ = CFrame.new(1037.80127, 125.092171, 32911.6016, -0.244533166, -0, -0.969640911, -0, 1.00000012, -0, 0.96964103, 0, -0.244533136)
             if _G.Auto_Farm and (POSQ.Position - game.Players.LocalPlayer.Character.HumanoidRootPart.Position).Magnitude > 20000 then
                 game:GetService("ReplicatedStorage").Remotes.CommF_:InvokeServer("requestEntrance",Vector3.new(923.21252441406, 126.9760055542, 32852.83203125))
             end
         elseif lv == 1300 or lv <= 1324 then
             Mon = "Ship Steward [Lv. 1300]"
             NameQ ="ShipQuest2"
             NumberQ = 1
             NameMon = "Ship Steward"
             POSQ = CFrame.new(968.80957, 125.092171, 33244.125, -0.869560242, 1.51905191e-08, -0.493826836, 1.44108379e-08, 1, 5.38534195e-09, 0.493826836, -2.43357912e-09, -0.869560242)
             if _G.Auto_Farm and (POSQ.Position - game.Players.LocalPlayer.Character.HumanoidRootPart.Position).Magnitude > 20000 then
                 game:GetService("ReplicatedStorage").Remotes.CommF_:InvokeServer("requestEntrance",Vector3.new(923.21252441406, 126.9760055542, 32852.83203125))
             end
         elseif lv == 1325 or lv <= 1349 then
             Mon = "Ship Officer [Lv. 1325]"
             NameQ ="ShipQuest2"
             NumberQ = 2
             NameMon = "Ship Officer"
             POSQ = CFrame.new(968.80957, 125.092171, 33244.125, -0.869560242, 1.51905191e-08, -0.493826836, 1.44108379e-08, 1, 5.38534195e-09, 0.493826836, -2.43357912e-09, -0.869560242)
             if _G.Auto_Farm and (POSQ.Position - game.Players.LocalPlayer.Character.HumanoidRootPart.Position).Magnitude > 20000 then
                 game:GetService("ReplicatedStorage").Remotes.CommF_:InvokeServer("requestEntrance",Vector3.new(923.21252441406, 126.9760055542, 32852.83203125))
             end
         elseif lv == 1350 or lv <= 1374 then
             Mon = "Arctic Warrior [Lv. 1350]"
             NameQ ="FrostQuest"
             NumberQ = 1
             NameMon = "Arctic Warrior"
             POSQ = CFrame.new(5669.43506, 28.2117786, -6482.60107, 0.888092756, 1.02705066e-07, 0.459664226, -6.20391774e-08, 1, -1.03572376e-07, -0.459664226, 6.34646895e-08, 0.888092756)
             if _G.Auto_Farm and (POSQ.Position - game.Players.LocalPlayer.Character.HumanoidRootPart.Position).Magnitude > 20000 then
                 game:GetService("ReplicatedStorage").Remotes.CommF_:InvokeServer("requestEntrance",Vector3.new(-6508.5581054688, 89.034996032715, -132.83953857422))
             end
         elseif lv == 1375 or lv <= 1424 then
             Mon = "Snow Lurker [Lv. 1375]"
             NameQ ="FrostQuest"
             NumberQ = 2
             NameMon = "Snow Lurker"
             POSQ = CFrame.new(5669.43506, 28.2117786, -6482.60107, 0.888092756, 1.02705066e-07, 0.459664226, -6.20391774e-08, 1, -1.03572376e-07, -0.459664226, 6.34646895e-08, 0.888092756)
         elseif lv == 1425 or lv <= 1449 then
             Mon = "Sea Soldier [Lv. 1425]"
             NameQ ="ForgottenQuest"
             NumberQ = 1
             NameMon = "Sea Soldier"
             POSQ = CFrame.new(-3052.99097, 236.881363, -10148.1943, -0.997911751, 4.42321983e-08, 0.064591676, 4.90968759e-08, 1, 7.37270085e-08, -0.064591676, 7.67442998e-08, -0.997911751)
         elseif lv >= 1450 then
             Mon = "Water Fighter [Lv. 1450]"
             NameQ ="ForgottenQuest"
             NumberQ = 2
             NameMon = "Water Fighter"
             POSQ = CFrame.new(-3052.99097, 236.881363, -10148.1943, -0.997911751, 4.42321983e-08, 0.064591676, 4.90968759e-08, 1, 7.37270085e-08, -0.064591676, 7.67442998e-08, -0.997911751)
         end
     end
     if ThreeWorld then
         if lv == 1500 or lv <= 1524 then
             Mon = "Pirate Millionaire [Lv. 1500]"
             NameQ ="PiratePortQuest"
             NumberQ = 1
             NameMon = "Pirate Millionaire"
             POSQ = CFrame.new(-290.074677, 42.9034653, 5581.58984, 0.965929627, -0, -0.258804798, 0, 1, -0, 0.258804798, 0, 0.965929627)
         elseif lv == 1525 or lv <= 1574 then
             Mon = "Pistol Billionaire [Lv. 1525]"
             NameQ ="PiratePortQuest"
             NumberQ = 2
             NameMon = "Pistol Billionaire"
             POSQ = CFrame.new(-290.074677, 42.9034653, 5581.58984, 0.965929627, -0, -0.258804798, 0, 1, -0, 0.258804798, 0, 0.965929627)
         elseif lv == 1575 or lv <= 1599 then
             Mon = "Dragon Crew Warrior [Lv. 1575]"
             NameQ ="AmazonQuest"
             NumberQ = 1
             NameMon = "Dragon Crew Warrior"
             POSQ = CFrame.new(5832.83594, 51.6806107, -1101.51563, 0.898790359, -0, -0.438378751, 0, 1, -0, 0.438378751, 0, 0.898790359)
         elseif lv == 1600 or lv <= 1624 then
             Mon = "Dragon Crew Archer [Lv. 1600]"
             NameQ ="AmazonQuest"
             NumberQ = 2
             NameMon = "Dragon Crew Archer"
             POSQ = CFrame.new(5832.83594, 51.6806107, -1101.51563, 0.898790359, -0, -0.438378751, 0, 1, -0, 0.438378751, 0, 0.898790359)
         elseif lv == 1625 or lv <= 1649 then
             Mon = "Female Islander [Lv. 1625]"
             NameQ ="AmazonQuest2"
             NumberQ = 1
             NameMon = "Female Islander"
             POSQ = CFrame.new(5448.86133, 601.516174, 751.130676, 0, 0, 1, 0, 1, -0, -1, 0, 0)
         elseif lv == 1650 or lv <= 1699 then
             Mon = "Giant Islander [Lv. 1650]"
             NameQ ="AmazonQuest2"
             NumberQ = 2
             NameMon = "Giant Islander"
             POSQ = CFrame.new(5448.86133, 601.516174, 751.130676, 0, 0, 1, 0, 1, -0, -1, 0, 0)
         elseif lv == 1700 or lv <= 1724 then
             Mon = "Marine Commodore [Lv. 1700]"
             NameQ ="MarineTreeIsland"
             NumberQ = 1
             NameMon = "Marine Commodore"
             POSQ = CFrame.new(2180.54126, 27.8156815, -6741.5498, -0.965929747, 0, 0.258804798, 0, 1, 0, -0.258804798, 0, -0.965929747)
         elseif lv == 1725 or lv <= 1774 then
             Mon = "Marine Rear Admiral [Lv. 1725]"
             NameQ ="MarineTreeIsland"
             NumberQ = 2
             NameMon = "Marine Rear Admiral"
             POSQ = CFrame.new(2180.54126, 27.8156815, -6741.5498, -0.965929747, 0, 0.258804798, 0, 1, 0, -0.258804798, 0, -0.965929747)
         elseif lv == 1775 or lv <= 1799 then
             Mon = "Fishman Raider [Lv. 1775]"
             NameQ ="DeepForestIsland3"
             NumberQ = 1
             NameMon = "Fishman Raider"
             POSQ = CFrame.new(-10581.6563, 330.872955, -8761.18652, -0.882952213, 0, 0.469463557, 0, 1, 0, -0.469463557, 0, -0.882952213)
         elseif lv == 1800 or lv <= 1824 then
             Mon = "Fishman Captain [Lv. 1800]"
             NameQ ="DeepForestIsland3"
             NumberQ = 2
             NameMon = "Fishman Captain"
             POSQ = CFrame.new(-10581.6563, 330.872955, -8761.18652, -0.882952213, 0, 0.469463557, 0, 1, 0, -0.469463557, 0, -0.882952213)
         elseif lv == 1825 or lv <= 1849 then
             Mon = "Forest Pirate [Lv. 1825]"
             NameQ ="DeepForestIsland"
             NumberQ = 1
             NameMon = "Forest Pirate"
             POSQ = CFrame.new(-13234.04, 331.488495, -7625.40137, 0.707134247, -0, -0.707079291, 0, 1, -0, 0.707079291, 0, 0.707134247)
         elseif lv == 1850 or lv <= 1899 then
             Mon = "Mythological Pirate [Lv. 1850]"
             NameQ ="DeepForestIsland"
             NumberQ = 2
             NameMon = "Mythological Pirate"
             POSQ = CFrame.new(-13234.04, 331.488495, -7625.40137, 0.707134247, -0, -0.707079291, 0, 1, -0, 0.707079291, 0, 0.707134247)
         elseif lv == 1900 or lv <= 1924 then
             Mon = "Jungle Pirate [Lv. 1900]"
             NameQ ="DeepForestIsland2"
             NumberQ = 1
             NameMon = "Jungle Pirate"
             POSQ = CFrame.new(-12680.3818, 389.971039, -9902.01953, -0.0871315002, 0, 0.996196866, 0, 1, 0, -0.996196866, 0, -0.0871315002)
         elseif lv == 1925 or lv <= 1974 then
             Mon = "Musketeer Pirate [Lv. 1925]"
             NameQ ="DeepForestIsland2"
             NumberQ = 2
             NameMon = "Musketeer Pirate"
             POSQ = CFrame.new(-12680.3818, 389.971039, -9902.01953, -0.0871315002, 0, 0.996196866, 0, 1, 0, -0.996196866, 0, -0.0871315002)
         elseif lv == 1975 or lv <= 1999 then
             Mon = "Reborn Skeleton [Lv. 1975]"
             NameQ ="HauntedQuest1"
             NumberQ = 1
             NameMon = "Reborn Skeleton"
             POSQ = CFrame.new(-9479.2168, 141.215088, 5566.09277, 0, 0, 1, 0, 1, -0, -1, 0, 0)
         elseif lv == 2000 or lv <= 2024 then
             Mon = "Living Zombie [Lv. 2000]"
             NameQ ="HauntedQuest1"
             NumberQ = 2
             NameMon = "Living Zombie"
             POSQ = CFrame.new(-9479.2168, 141.215088, 5566.09277, 0, 0, 1, 0, 1, -0, -1, 0, 0)
         elseif lv == 2025 or lv <= 2049 then
             Mon = "Demonic Soul [Lv. 2025]"
             NameQ ="HauntedQuest2"
             NumberQ = 1
             NameMon = "Demonic Soul"
             POSQ = CFrame.new(-9514.78027, 171.162918, 6078.82373, 0.301918149, 7.4535027e-09, 0.953333855, -3.22802141e-09, 1, -6.79604995e-09, -0.953333855, -1.02553133e-09, 0.301918149)
         elseif lv == 2050 or lv <= 2074 then
             Mon = "Posessed Mummy [Lv. 2050]" 
             NameQ ="HauntedQuest2"
             NumberQ = 2
             NameMon = "Posessed Mummy"
             POSQ = CFrame.new(-9514.78027, 171.162918, 6078.82373, 0.301918149, 7.4535027e-09, 0.953333855, -3.22802141e-09, 1, -6.79604995e-09, -0.953333855, -1.02553133e-09, 0.301918149)
         elseif lv == 2075 or lv <= 2099 then
             Mon = "Peanut Scout [Lv. 2075]"
             NameQ ="NutsIslandQuest"
             NumberQ = 1
             NameMon = "Peanut Scout"
             POSQ = CFrame.new(-2105.53198, 37.2495995, -10195.5088, -0.766061664, 0, -0.642767608, 0, 1, 0, 0.642767608, 0, -0.766061664)
         elseif lv == 2100 or lv <= 2124 then
             Mon = "Peanut President [Lv. 2100]"
             NameQ ="NutsIslandQuest"
             NumberQ = 2
             NameMon = "Peanut President"
             POSQ = CFrame.new(-2105.53198, 37.2495995, -10195.5088, -0.766061664, 0, -0.642767608, 0, 1, 0, 0.642767608, 0, -0.766061664)
         elseif lv == 2125 or lv <= 2149 then
             Mon = "Ice Cream Chef [Lv. 2125]"
             NameQ ="IceCreamIslandQuest"
             NumberQ = 1
             NameMon = "Ice Cream Chef"
             POSQ = CFrame.new(-819.84533691406, 65.845329284668, -10965.487304688)
         elseif lv >= 2150 then
             Mon = "Ice Cream Commander [Lv. 2150]"
             NameQ ="IceCreamIslandQuest"
             NumberQ = 2
             NameMon = "Ice Cream Commander"
             POSQ = CFrame.new(-819.84533691406, 65.845329284668, -10965.487304688)
         end
     end
 end    
 function EquipWeapon(ToolSe)
     if game.Players.LocalPlayer.Backpack:FindFirstChild(ToolSe) then
         getgenv().tool = game.Players.LocalPlayer.Backpack:FindFirstChild(ToolSe)
         wait(.1)
         game.Players.LocalPlayer.Character.Humanoid:EquipTool(tool)
     end
 end
 
 
 spawn(function()
     while wait() do
         pcall(function()
             LV()
             if _G.Auto_Farm then
                 if game:GetService("Players").LocalPlayer.PlayerGui.Main.Quest.Visible == false then
                     repeat wait()
                         topos(POSQ)
                     until (POSQ.Position - game.Players.LocalPlayer.Character.HumanoidRootPart.Position).Magnitude <= 3 or not _G.Auto_Farm
                     if (POSQ.Position - game.Players.LocalPlayer.Character.HumanoidRootPart.Position).Magnitude <= 3 then
                     wait(1.3)
                     game:GetService("ReplicatedStorage").Remotes.CommF_:InvokeServer("StartQuest",NameQ,NumberQ)
                     end
                 elseif game:GetService("Players").LocalPlayer.PlayerGui.Main.Quest.Visible == true then
                     for i,v in pairs(game.workspace.Enemies:GetChildren()) do
                         if v.Name == Mon then
                             if string.find(game:GetService("Players").LocalPlayer.PlayerGui.Main.Quest.Container.QuestTitle.Title.Text, NameMon) then
                                 if v.Humanoid.Health > 0 then
                                     repeat wait()
                                     Buso()
                                     EquipWeapon(_G.SelectWeapon)
                                     topos(v.HumanoidRootPart.CFrame*CFrame.new(0,30,0))
                                     v.HumanoidRootPart.Size = Vector3.new(60,60,60)
                                     PosMon = v.HumanoidRootPart.CFrame
                                     game:GetService'VirtualUser':CaptureController()
                                     game:GetService'VirtualUser':Button1Down(Vector2.new(1280, 672))
                                     until not _G.Auto_Farm or v.Humanoid.Health <= 0 or game:GetService("Players").LocalPlayer.PlayerGui.Main.Quest.Visible == false
                                 end
                             else
                                 game:GetService("ReplicatedStorage").Remotes.CommF_:InvokeServer("AbandonQuest")
                             end
                         end
                     end
                 end
             end
         end)
     end
 end)
 
 
 AF:Seperator()
 AF:Label("Auto Farm")
 AF:Button("Redeem All code", function()
    local x2Code = {
        "3BVISITS",
        "UPD16",
        "FUDD10",
        "BIGNEWS",
        "THEGREATACE",
        "SUB2GAMERROBOT_EXP1",
        "StrawHatMaine",
        "Sub2OfficialNoobie",
        "SUB2NOOBMASTER123",
        "Sub2Daigrock",
        "Axiore",
        "TantaiGaming",
        "STRAWHATMAINE"
}
function RedeemCode(value)
            game:GetService("ReplicatedStorage").Remotes.Redeem:InvokeServer(value)
end
for i,v in pairs(x2Code) do
            RedeemCode(v)
end
end)

 AF:Toggle("Auto Farm Level",false, function(value)
     _G.Auto_Farm = value
     if value == false then
         wait()
         topos(game.Players.LocalPlayer.Character.HumanoidRootPart.CFrame)
         game.Players.LocalPlayer.Character.HumanoidRootPart.BodyClip:Destroy()
     end
 end)
 
AF:Toggle("Auto-SetSpawn",false,function(value)
_G.AutoSetSpawn = value
end)

spawn(function()
    while wait() do
        if _G.AutoSetSpawn then
            game:GetService("ReplicatedStorage").Remotes.CommF_:InvokeServer("SetSpawnPoint")
        end
    end
end)
 AF:Toggle("Fast Attack",false, function(value)
     _G.FastAttack = value
 end)
 
 AF:Toggle("Bring Mon",false,function(value)
     _G.a = value
     while _G.a do wait()
         pcall(function()
             LV()
             for i,v in pairs(game:GetService("Workspace").Enemies:GetChildren()) do
                 for i2,v2 in pairs(game:GetService("Workspace").Enemies:GetChildren()) do
                     if v.Name == Mon then 
                         if v2.Name == Mon then
                             v2.HumanoidRootPart.CFrame = v.HumanoidRootPart.CFrame
                             v2.HumanoidRootPart.CanCollide = false
                             v.HumanoidRootPart.CanCollide = false
                             v2.Humanoid.WalkSpeed = 0
                             v2.Humanoid:ChangeState(11)
                             v2.Humanoid.PlatformStand = true
                             v.Humanoid.PlatformStand = true
                             v.Humanoid.WalkSpeed = 0
                             v.Humanoid:ChangeState(11)
                             sethiddenproperty(game.Players.LocalPlayer, "SimulationRadius", math.huge)
                         end
                     end
                 end
             end 
         end)
     end
 end)
 
 if _G.Team == "Pirate" then
     for i,v in pairs(getconnections(game:GetService("Players").LocalPlayer.PlayerGui.Main.ChooseTeam.Container.Pirates.Frame.ViewportFrame.TextButton.MouseButton1Click)) do
         v.Function()
     end
 elseif _G.Team == "Marine" then
     for i,v in pairs(getconnections(game:GetService("Players").LocalPlayer.PlayerGui.Main.ChooseTeam.Container.Marines.Frame.ViewportFrame.TextButton.MouseButton1Click)) do
         v.Function()
     end
 else
     for i,v in pairs(getconnections(game:GetService("Players").LocalPlayer.PlayerGui.Main.ChooseTeam.Container.Pirates.Frame.ViewportFrame.TextButton.MouseButton1Click)) do
         v.Function()
     end
 end
 wait(2)
 WeaponList = {}
 for i,v in pairs(game:GetService("Players").LocalPlayer.Backpack:GetChildren()) do
    table.insert(WeaponList,v.Name)
end

local SelectToolWeapona = AF:Dropdown("SelectWeapon",WeaponList,function(Select)
    _G.SelectWeapon = Select
end)

AF:Button("Refresh Weapon", function()
    SelectToolWeapona:Clear()
    for i,v in pairs(game.Players.LocalPlayer.Backpack:GetChildren()) do  
        if v:IsA("Tool") then
            SelectToolWeapona:Add(v.Name)
        end
    end
    for i,v in pairs(game.Players.LocalPlayer.Character:GetChildren()) do  
        if v:IsA("Tool") then
            SelectToolWeapona:Add(v.Name)
        end
    end
end)
 local ScreenGui = Instance.new("ScreenGui")
         local ImageButton = Instance.new("ImageButton")
         
         ScreenGui.Parent = game:GetService("Players").LocalPlayer:WaitForChild("PlayerGui")
         
         ImageButton.Parent = ScreenGui
         ImageButton.BackgroundColor3 = Color3.fromRGB(15, 15, 15)
         ImageButton.Position = UDim2.new(0.411, 0, 0.01, 0)
         ImageButton.Size = UDim2.new(0, 50, 0, 50)
         ImageButton.Image = "rbxassetid://6031075938"
         ImageButton.MouseButton1Down:connect(function()
             game.CoreGui:FindFirstChild("Discord").Enabled = not game.CoreGui:FindFirstChild("Discord").Enabled
         end)
 AF:Seperator()
 AF:Label("Stats")
 AF:Label("Beli : "..game:GetService("Players").LocalPlayer.Data.Beli.Value)
 AF:Label("Level : "..game:GetService("Players").LocalPlayer.Data.Level.Value)
 AF:Label("Race : "..game:GetService("Players").LocalPlayer.Data.Race.Value)
 AF:Seperator()
 AF:Toggle("Auto Melee",false,function(vu)
     _G.Melee = vu
 end)
 
 AF:Toggle("Auto Defense",false,function(vu)
     _G.DF = vu
 end)
 AF:Toggle("Auto Sword",false,function(vu)
     _G.Sword = vu
 end)
 AF:Toggle("Auto Gun",false,function(vu)
     _G.Gun = vu
 end)
 AF:Toggle("Auto Fruits",false,function(vu)
     _G.Fruit = vu
 end)
 AF:Slider("Ponint", 0, 100, 3, function(t)
     _G.STATSUPPOINT = t
 end)
 AF:Label("Auto Fighting Style")  
 AF:Seperator()
 AF:Toggle("Auto-Superhuman",false, function(value)
     _G.Auto_Superhuman = value
 end)
 AF:Toggle("Auto-Sharkman",false, function(value)
     _G.AutoSharkman = value
     if value == false then
         wait()
         topos(game.Players.LocalPlayer.Character.HumanoidRootPart.CFrame)
         game.Players.LocalPlayer.Character.HumanoidRootPart.BodyClip:Destroy()
     end
 end)
 AF:Toggle("Auto-ElectricClaw",false, function(value)
 _G.AutoElectricClaw = value
 if value == false then
     wait()
     topos(game.Players.LocalPlayer.Character.HumanoidRootPart.CFrame)
     game.Players.LocalPlayer.Character.HumanoidRootPart.BodyClip:Destroy()
 end
 end)
 
 AF:Toggle("Auto-DragonTalon",false, function(value)
 _G.AutoDragonTalon = value
 if value == false then
     wait()
     topos(game.Players.LocalPlayer.Character.HumanoidRootPart.CFrame)
     game.Players.LocalPlayer.Character.HumanoidRootPart.BodyClip:Destroy()
 end
 end)
 AF:Seperator()
 
 spawn(function()
     while wait() do
         if _G.AutoDragonTalon then
             if game.Players.LocalPlayer.Backpack:FindFirstChild("Dragon Claw") or game.Players.LocalPlayer.Character:FindFirstChild("Dragon Claw") or game.Players.LocalPlayer.Backpack:FindFirstChild("Dragon Talon") or game.Players.LocalPlayer.Character:FindFirstChild("Dragon Talon") then
